##TITLE  calibration_1_samuel_wechsler
##NAME  
##SAMPLE  
##SOLVENT  
##COMMENT  
##Channel  Left
##Time step  0.5
##Scale Factor  50
##x-data  y-data
0.000  19.17849
0.500  19.17862
1.000  19.17871
1.500  19.17868
2.000  19.17840
2.500  19.17866
3.000  19.17884
3.500  19.17885
4.000  19.17890
4.500  19.17890
5.000  19.17894
5.500  19.17886
6.000  19.17907
6.500  19.17927
7.000  19.17902
7.500  19.17909
8.000  19.17893
8.500  19.17888
9.000  19.17910
9.500  19.17895
10.000  19.17906
10.500  19.17938
11.000  19.17927
11.500  19.17948
12.000  19.17955
12.500  19.17930
13.000  19.17914
13.500  19.17912
14.000  19.17936
14.500  19.17938
15.000  19.17958
15.500  19.17951
16.000  19.17941
16.500  19.17958
17.000  19.17938
17.500  19.17953
18.000  19.17949
18.500  19.17951
19.000  19.17935
19.500  19.17978
20.000  19.17968
20.500  19.17923
21.000  19.17938
21.500  19.17900
22.000  19.17999
22.500  19.17987
23.000  19.17957
23.500  19.17964
24.000  19.17968
24.500  19.17984
25.000  19.17963
25.500  19.17984
26.000  19.17970
26.500  19.17974
27.000  19.17992
27.500  19.17970
28.000  19.17975
28.500  19.18004
29.000  19.17974
29.500  19.17977
30.000  19.17942
30.500  19.17996
31.000  19.18003
31.500  19.17975
32.000  19.17994
32.500  19.18011
33.000  19.18028
33.500  19.17998
34.000  19.18015
34.500  19.18052
35.000  19.18031
35.500  19.18055
36.000  19.18059
36.500  19.18021
37.000  19.18038
37.500  19.18047
38.000  19.18228
38.500  19.18670
39.000  19.19512
39.500  19.20708
40.000  19.22377
40.500  19.23629
41.000  19.25241
41.500  19.26187
42.000  19.26708
42.500  19.27931
43.000  19.29205
43.500  19.29688
44.000  19.31460
44.500  19.33418
45.000  19.34287
45.500  19.34704
46.000  19.35452
46.500  19.36826
47.000  19.39263
47.500  19.40468
48.000  19.40912
48.500  19.42072
49.000  19.44381
49.500  19.45703
50.000  19.47490
50.500  19.49312
51.000  19.49687
51.500  19.49971
52.000  19.50916
52.500  19.51392
53.000  19.52471
53.500  19.54231
54.000  19.55862
54.500  19.57139
55.000  19.58021
55.500  19.58871
56.000  19.60100
56.500  19.61820
57.000  19.62474
57.500  19.63678
58.000  19.65563
58.500  19.66971
59.000  19.67750
59.500  19.69152
60.000  19.70140
60.500  19.71398
61.000  19.72370
61.500  19.73565
62.000  19.75111
62.500  19.76002
63.000  19.77279
63.500  19.78564
64.000  19.79403
64.500  19.80668
65.000  19.82487
65.500  19.83510
66.000  19.84735
66.500  19.85694
67.000  19.87125
67.500  19.88354
68.000  19.89047
68.500  19.90111
69.000  19.91471
69.500  19.92815
70.000  19.93884
70.500  19.95421
71.000  19.95670
71.500  19.97104
72.000  19.97941
72.500  20.00255
73.000  20.00764
73.500  20.01241
74.000  20.02806
74.500  20.03829
75.000  20.05671
75.500  20.06661
76.000  20.07513
76.500  20.09541
77.000  20.10341
77.500  20.12048
78.000  20.12947
78.500  20.13367
79.000  20.14613
79.500  20.16418
80.000  20.18633
80.500  20.19008
81.000  20.19818
81.500  20.20714
82.000  20.21696
82.500  20.23472
83.000  20.25215
83.500  20.25885
84.000  20.25997
84.500  20.26639
85.000  20.28685
85.500  20.30087
86.000  20.31214
86.500  20.32595
87.000  20.34040
87.500  20.35069
88.000  20.36307
88.500  20.37353
89.000  20.38798
89.500  20.39626
90.000  20.40811
90.500  20.41553
91.000  20.43942
91.500  20.44570
92.000  20.44937
92.500  20.46195
93.000  20.47872
93.500  20.49268
94.000  20.50723
94.500  20.52066
95.000  20.53018
95.500  20.53977
96.000  20.54862
96.500  20.56076
97.000  20.57612
97.500  20.58247
98.000  20.59807
98.500  20.61437
99.000  20.62386
99.500  20.63775
100.000  20.64798
100.500  20.65625
101.000  20.66978
101.500  20.67762
102.000  20.69581
102.500  20.70071
103.000  20.71124
103.500  20.72135
104.000  20.72976
104.500  20.74054
105.000  20.75707
105.500  20.76576
106.000  20.78073
106.500  20.79751
107.000  20.81764
107.500  20.83076
108.000  20.83928
108.500  20.84687
109.000  20.86321
109.500  20.87165
110.000  20.87962
110.500  20.88512
111.000  20.89442
111.500  20.91088
112.000  20.93204
112.500  20.93944
113.000  20.94635
113.500  20.95268
114.000  20.96860
114.500  20.97651
115.000  20.98808
115.500  20.99943
116.000  21.01089
116.500  21.02504
117.000  21.03537
117.500  21.04877
118.000  21.05853
118.500  21.07655
119.000  21.08860
119.500  21.10273
120.000  21.11991
120.500  21.12727
121.000  21.13992
121.500  21.14653
122.000  21.15265
122.500  21.16688
123.000  21.18472
123.500  21.19893
124.000  21.20870
124.500  21.21276
125.000  21.22454
125.500  21.23895
126.000  21.25520
126.500  21.26112
127.000  21.27789
127.500  21.28405
128.000  21.29092
128.500  21.29749
129.000  21.30763
129.500  21.32282
130.000  21.33695
130.500  21.35254
131.000  21.36957
131.500  21.38651
132.000  21.39801
132.500  21.41109
133.000  21.41659
133.500  21.42385
134.000  21.43212
134.500  21.44819
135.000  21.45576
135.500  21.46451
136.000  21.47749
136.500  21.49175
137.000  21.50453
137.500  21.51450
138.000  21.53030
138.500  21.54388
139.000  21.55739
139.500  21.57020
140.000  21.57550
140.500  21.58462
141.000  21.59925
141.500  21.60979
142.000  21.61429
142.500  21.62517
143.000  21.63794
143.500  21.65216
144.000  21.66752
144.500  21.67597
145.000  21.68479
145.500  21.69447
146.000  21.71212
146.500  21.72577
147.000  21.73821
147.500  21.75930
148.000  21.76997
148.500  21.77245
149.000  21.78396
149.500  21.79378
150.000  21.80301
150.500  21.81870
151.000  21.82694
151.500  21.83093
152.000  21.84627
152.500  21.85759
153.000  21.87086
153.500  21.88692
154.000  21.89566
154.500  21.90426
155.000  21.92696
155.500  21.93444
156.000  21.94247
156.500  21.95906
157.000  21.96976
157.500  21.97490
158.000  21.98521
158.500  21.98964
159.000  21.99031
159.500  21.99194
160.000  21.99127
160.500  21.99174
161.000  21.99164
161.500  21.99114
162.000  21.98989
162.500  21.98889
163.000  21.98815
163.500  21.98760
164.000  21.98585
164.500  21.98576
165.000  21.98480
165.500  21.98396
166.000  21.98356
166.500  21.98305
167.000  21.98205
167.500  21.98147
168.000  21.98093
168.500  21.98023
169.000  21.97976
169.500  21.97921
170.000  21.97899
170.500  21.97827
171.000  21.97775
171.500  21.97748
172.000  21.97653
172.500  21.97653
173.000  21.97606
173.500  21.97584
174.000  21.97507
174.500  21.97418
175.000  21.97433
175.500  21.97396
176.000  21.97346
176.500  21.97317
177.000  21.97274
177.500  21.97277
178.000  21.97199
178.500  21.97199
179.000  21.97166
179.500  21.97125
180.000  21.97070
180.500  21.97042
181.000  21.97002
181.500  21.96965
182.000  21.96956
182.500  21.96913
183.000  21.96874
183.500  21.96858
184.000  21.96868
184.500  21.96815
185.000  21.96723
185.500  21.96739
186.000  21.96742
186.500  21.96694
187.000  21.96661
187.500  21.96629
188.000  21.96587
188.500  21.96557
189.000  21.96528
189.500  21.96522
190.000  21.96480
190.500  21.96472
191.000  21.96439
191.500  21.96415
192.000  21.96417
192.500  21.96386
193.000  21.96309
193.500  21.96312
194.000  21.96335
194.500  21.96262
195.000  21.96267
195.500  21.96210
196.000  21.96168
196.500  21.96145
197.000  21.96109
197.500  21.96148
198.000  21.96068
198.500  21.96073
199.000  21.96026
199.500  21.96007
200.000  21.95994
200.500  21.95954
201.000  21.95909
201.500  21.95887
202.000  21.95886
202.500  21.95910
203.000  21.95860
203.500  21.95827
204.000  21.95805
204.500  21.95808
