##TITLE  heatcapacity-20prozent-20240105
##NAME  
##SAMPLE  
##SOLVENT  
##COMMENT  
##Channel  Left
##Time step  0.5
##Scale Factor  50
##x-data  y-data
0.000  24.05016
0.500  24.04990
1.000  24.04929
1.500  24.04906
2.000  24.04899
2.500  24.04848
3.000  24.04855
3.500  24.04821
4.000  24.04778
4.500  24.04716
5.000  24.04683
5.500  24.04674
6.000  24.04623
6.500  24.04638
7.000  24.04540
7.500  24.04531
8.000  24.04520
8.500  24.04494
9.000  24.04486
9.500  24.04409
10.000  24.04437
10.500  24.04366
11.000  24.04315
11.500  24.04278
12.000  24.04293
12.500  24.04237
13.000  24.04208
13.500  24.04188
14.000  24.04157
14.500  24.04116
15.000  24.04086
15.500  24.04076
16.000  24.04033
16.500  24.03993
17.000  24.03942
17.500  24.03958
18.000  24.03945
18.500  24.03859
19.000  24.03840
19.500  24.03748
20.000  24.03769
20.500  24.03767
21.000  24.03700
21.500  24.03658
22.000  24.03646
22.500  24.03615
23.000  24.03588
23.500  24.03583
24.000  24.03521
24.500  24.03522
25.000  24.03507
25.500  24.03456
26.000  24.03437
26.500  24.03384
27.000  24.03372
27.500  24.03363
28.000  24.03355
28.500  24.03265
29.000  24.03228
29.500  24.03199
30.000  24.03164
30.500  24.03149
31.000  24.03169
31.500  24.03098
32.000  24.03056
32.500  24.03038
33.000  24.03019
33.500  24.02947
34.000  24.02916
34.500  24.02895
35.000  24.02827
35.500  24.02839
36.000  24.02857
36.500  24.02819
37.000  24.02817
37.500  24.02777
38.000  24.02728
38.500  24.02717
39.000  24.02843
39.500  24.03165
40.000  24.04194
40.500  24.04892
41.000  24.05604
41.500  24.06284
42.000  24.07618
42.500  24.08997
43.000  24.10269
43.500  24.11463
44.000  24.12534
44.500  24.13238
45.000  24.14190
45.500  24.15203
46.000  24.16602
46.500  24.18194
47.000  24.19058
47.500  24.19929
48.000  24.21324
48.500  24.22332
49.000  24.23118
49.500  24.24726
50.000  24.26131
50.500  24.27600
51.000  24.28471
51.500  24.29736
52.000  24.30794
52.500  24.32290
53.000  24.33557
53.500  24.34372
54.000  24.35085
54.500  24.36120
55.000  24.37494
55.500  24.38436
56.000  24.39470
56.500  24.40422
57.000  24.41458
57.500  24.42866
58.000  24.44267
58.500  24.45618
59.000  24.46635
59.500  24.47933
60.000  24.49289
60.500  24.51358
61.000  24.52194
61.500  24.53029
62.000  24.53877
62.500  24.55357
63.000  24.56555
63.500  24.57573
64.000  24.58877
64.500  24.60182
65.000  24.61196
65.500  24.61932
66.000  24.63205
66.500  24.64411
67.000  24.65487
67.500  24.67190
68.000  24.68001
68.500  24.68690
69.000  24.69547
69.500  24.71244
70.000  24.72058
70.500  24.73020
71.000  24.74028
71.500  24.74945
72.000  24.76504
72.500  24.77700
73.000  24.79005
73.500  24.79804
74.000  24.80815
74.500  24.81968
75.000  24.83909
75.500  24.85512
76.000  24.86928
76.500  24.87720
77.000  24.88313
77.500  24.89146
78.000  24.90277
78.500  24.91544
79.000  24.92954
79.500  24.94544
80.000  24.95569
80.500  24.97243
81.000  24.98327
81.500  24.99029
82.000  24.99525
82.500  25.00387
83.000  25.02092
83.500  25.03011
84.000  25.03927
84.500  25.04844
85.000  25.06485
85.500  25.07921
86.000  25.09570
86.500  25.10697
87.000  25.11322
87.500  25.12240
88.000  25.13304
88.500  25.14487
89.000  25.15561
89.500  25.16779
90.000  25.17769
90.500  25.19555
91.000  25.19926
91.500  25.21894
92.000  25.22348
92.500  25.23319
93.000  25.24399
93.500  25.25353
94.000  25.26537
94.500  25.28039
95.000  25.29223
95.500  25.29754
96.000  25.30687
96.500  25.32449
97.000  25.33326
97.500  25.34017
98.000  25.35606
98.500  25.36891
99.000  25.37971
99.500  25.38762
100.000  25.39784
100.500  25.40958
101.000  25.42199
101.500  25.43630
102.000  25.45534
102.500  25.47010
103.000  25.48184
103.500  25.48782
104.000  25.49702
104.500  25.50794
105.000  25.51635
105.500  25.52517
106.000  25.53563
106.500  25.54727
107.000  25.55682
107.500  25.57153
108.000  25.58235
108.500  25.58986
109.000  25.60207
109.500  25.61630
110.000  25.62526
110.500  25.63186
111.000  25.64030
111.500  25.65275
112.000  25.66569
112.500  25.68002
113.000  25.69329
113.500  25.70753
114.000  25.71983
114.500  25.73177
115.000  25.74228
115.500  25.74995
116.000  25.76163
116.500  25.77385
117.000  25.78018
117.500  25.79136
118.000  25.80504
118.500  25.81663
119.000  25.82786
119.500  25.83997
120.000  25.85473
120.500  25.86622
121.000  25.87466
121.500  25.88334
122.000  25.89589
122.500  25.90297
123.000  25.91661
123.500  25.92743
124.000  25.93798
124.500  25.95128
125.000  25.96370
125.500  25.97172
126.000  25.99155
126.500  25.99975
127.000  26.00782
127.500  26.01879
128.000  26.03037
128.500  26.04309
129.000  26.05676
129.500  26.06695
130.000  26.07633
130.500  26.08531
131.000  26.09620
131.500  26.10473
132.000  26.11207
132.500  26.12236
133.000  26.13712
133.500  26.15140
134.000  26.16083
134.500  26.17344
135.000  26.18294
135.500  26.19787
136.000  26.20932
136.500  26.21656
137.000  26.22426
137.500  26.24088
138.000  26.25626
138.500  26.26740
139.000  26.27633
139.500  26.28212
140.000  26.29133
140.500  26.31140
141.000  26.32463
141.500  26.33490
142.000  26.34165
142.500  26.35400
143.000  26.36718
143.500  26.37503
144.000  26.38633
144.500  26.39386
145.000  26.40303
145.500  26.41554
146.000  26.42851
146.500  26.43883
147.000  26.44724
147.500  26.46082
148.000  26.47074
148.500  26.48079
149.000  26.49553
149.500  26.51004
150.000  26.52032
150.500  26.53165
151.000  26.54437
151.500  26.55729
152.000  26.56491
152.500  26.57363
153.000  26.58291
153.500  26.59574
154.000  26.60788
154.500  26.61760
155.000  26.62410
155.500  26.63458
156.000  26.64585
156.500  26.65735
157.000  26.67202
157.500  26.68184
158.000  26.68964
158.500  26.69783
159.000  26.70591
159.500  26.71297
160.000  26.71755
160.500  26.71965
161.000  26.72174
161.500  26.72277
162.000  26.72181
162.500  26.72188
163.000  26.72186
163.500  26.72083
164.000  26.72047
164.500  26.71986
165.000  26.71933
165.500  26.71765
166.000  26.71680
166.500  26.71577
167.000  26.71493
167.500  26.71411
168.000  26.71296
168.500  26.71253
169.000  26.71108
169.500  26.71058
170.000  26.70979
170.500  26.70891
171.000  26.70815
171.500  26.70717
172.000  26.70639
172.500  26.70580
173.000  26.70532
173.500  26.70446
174.000  26.70334
174.500  26.70310
175.000  26.70231
175.500  26.70157
176.000  26.70106
176.500  26.70013
177.000  26.69981
177.500  26.69915
178.000  26.69852
178.500  26.69788
179.000  26.69708
179.500  26.69680
180.000  26.69641
180.500  26.69525
181.000  26.69470
181.500  26.69407
182.000  26.69347
182.500  26.69253
183.000  26.69232
183.500  26.69159
184.000  26.69108
184.500  26.69056
185.000  26.69004
185.500  26.68952
186.000  26.68856
186.500  26.68786
187.000  26.68809
187.500  26.68692
188.000  26.68643
188.500  26.68616
189.000  26.68539
189.500  26.68445
190.000  26.68400
190.500  26.68349
191.000  26.68316
191.500  26.68250
192.000  26.68189
192.500  26.68123
193.000  26.68092
193.500  26.68034
194.000  26.67959
194.500  26.67938
195.000  26.67874
195.500  26.67831
196.000  26.67769
196.500  26.67695
197.000  26.67681
197.500  26.67602
198.000  26.67565
198.500  26.67508
199.000  26.67445
199.500  26.67401
200.000  26.67340
200.500  26.67287
201.000  26.67226
201.500  26.67207
202.000  26.67125
202.500  26.67049
203.000  26.66969
203.500  26.66921
204.000  26.66851
204.500  26.66840
205.000  26.66803
205.500  26.66731
206.000  26.66697
