##TITLE  ice_water_1_samuel_wechsler
##NAME  
##SAMPLE  
##SOLVENT  
##COMMENT  
##Channel  Left
##Time step  0.5
##Scale Factor  50
##x-data  y-data
0.000  19.37224
0.500  19.37218
1.000  19.37224
1.500  19.37208
2.000  19.37233
2.500  19.37221
3.000  19.37184
3.500  19.37247
4.000  19.37197
4.500  19.37212
5.000  19.37251
5.500  19.37214
6.000  19.37210
6.500  19.37238
7.000  19.37206
7.500  19.37255
8.000  19.37183
8.500  19.37160
9.000  19.37218
9.500  19.37221
10.000  19.37174
10.500  19.37161
11.000  19.37189
11.500  19.37154
12.000  19.37145
12.500  19.37139
13.000  19.37140
13.500  19.37125
14.000  19.37153
14.500  19.37180
15.000  19.37208
15.500  19.37148
16.000  19.37163
16.500  19.37186
17.000  19.37149
17.500  19.37122
18.000  19.37119
18.500  19.37160
19.000  19.37168
19.500  19.37190
20.000  19.37124
20.500  19.37131
21.000  19.37136
21.500  19.37130
22.000  19.37141
22.500  19.37148
23.000  19.37148
23.500  19.37104
24.000  19.37143
24.500  19.37094
25.000  19.37080
25.500  19.37106
26.000  19.37103
26.500  19.37094
27.000  19.37131
27.500  19.37091
28.000  19.37067
28.500  19.37117
29.000  19.37056
29.500  19.37089
30.000  19.37066
30.500  19.37076
31.000  19.37045
31.500  19.37045
32.000  19.37082
32.500  19.37033
33.000  19.37073
33.500  19.37089
34.000  19.37038
34.500  19.37030
35.000  19.37003
35.500  19.36994
36.000  19.36991
36.500  19.36953
37.000  19.36973
37.500  19.37000
38.000  19.36997
38.500  19.36969
39.000  19.36984
39.500  19.36976
40.000  19.37002
40.500  19.37014
41.000  19.36958
41.500  19.36995
42.000  19.36964
42.500  19.36951
43.000  19.36943
43.500  19.36970
44.000  19.36934
44.500  19.36924
45.000  19.36959
45.500  19.36894
46.000  19.36959
46.500  19.36895
47.000  19.36945
47.500  19.36923
48.000  19.36871
48.500  19.36921
49.000  19.36861
49.500  19.36896
50.000  19.36856
50.500  19.36859
51.000  19.36846
51.500  19.36827
52.000  19.36845
52.500  19.36865
53.000  19.36862
53.500  19.36865
54.000  19.36822
54.500  19.36834
55.000  19.36806
55.500  19.36809
56.000  19.36780
56.500  19.36791
57.000  19.36788
57.500  19.36749
58.000  19.36768
58.500  19.36771
59.000  19.36748
59.500  19.36727
60.000  19.36752
60.500  19.36720
61.000  19.36708
61.500  19.36700
62.000  19.36685
62.500  19.36717
63.000  19.20247
63.500  18.81440
64.000  18.54714
64.500  18.29742
65.000  18.11884
65.500  17.84179
66.000  17.75456
66.500  17.71753
67.000  17.64583
67.500  17.50236
68.000  17.40130
68.500  17.34263
69.000  17.33804
69.500  17.36339
70.000  17.38371
70.500  17.38327
71.000  17.36699
71.500  17.35263
72.000  17.34548
72.500  17.34232
73.000  17.34072
73.500  17.34034
74.000  17.34033
74.500  17.34108
75.000  17.34092
75.500  17.34008
76.000  17.33749
76.500  17.33300
77.000  17.32598
77.500  17.31781
78.000  17.30794
78.500  17.29644
79.000  17.28494
79.500  17.27297
80.000  17.26130
80.500  17.25021
81.000  17.23978
81.500  17.23015
82.000  17.22163
82.500  17.21361
83.000  17.20691
83.500  17.20100
84.000  17.19584
84.500  17.19192
85.000  17.18784
85.500  17.18486
86.000  17.18225
86.500  17.18021
87.000  17.17811
87.500  17.17691
88.000  17.17551
88.500  17.17553
89.000  17.17465
89.500  17.17440
90.000  17.17492
90.500  17.17555
91.000  17.17532
91.500  17.17615
92.000  17.17621
92.500  17.17688
93.000  17.17767
93.500  17.17814
94.000  17.17828
94.500  17.17866
95.000  17.17957
95.500  17.17986
96.000  17.17988
96.500  17.18074
97.000  17.18098
97.500  17.18109
98.000  17.18195
98.500  17.18201
99.000  17.18261
99.500  17.18303
100.000  17.18331
100.500  17.18381
101.000  17.18344
101.500  17.18467
102.000  17.18467
102.500  17.18523
103.000  17.18483
103.500  17.18558
104.000  17.18579
104.500  17.18573
105.000  17.18612
105.500  17.18638
106.000  17.18666
106.500  17.18687
107.000  17.18670
107.500  17.18695
108.000  17.18674
108.500  17.18699
109.000  17.18704
109.500  17.18758
110.000  17.18751
110.500  17.18756
111.000  17.18795
111.500  17.18803
112.000  17.18814
112.500  17.18884
113.000  17.18867
113.500  17.19724
114.000  17.19870
114.500  17.19796
115.000  17.19820
115.500  17.19774
116.000  17.19811
116.500  17.19831
117.000  17.19824
117.500  17.19849
118.000  17.19831
118.500  17.19867
119.000  17.19871
119.500  17.19868
120.000  17.19956
120.500  17.19960
121.000  17.19928
121.500  17.19974
122.000  17.19983
122.500  17.19960
123.000  17.19990
123.500  17.20046
124.000  17.20037
124.500  17.20044
125.000  17.20083
125.500  17.20120
126.000  17.20095
126.500  17.20145
127.000  17.20158
127.500  17.20164
128.000  17.20178
128.500  17.20224
129.000  17.20208
129.500  17.20284
130.000  17.20280
130.500  17.20341
131.000  17.20319
131.500  17.20374
132.000  17.20368
132.500  17.20409
133.000  17.20454
133.500  17.20464
134.000  17.20441
134.500  17.20506
135.000  17.20538
135.500  17.20556
136.000  17.20592
136.500  17.20552
137.000  17.20632
137.500  17.20687
138.000  17.20693
138.500  17.20741
139.000  17.20731
139.500  17.20789
140.000  17.20807
140.500  17.20864
141.000  17.20861
141.500  17.20867
142.000  17.20933
142.500  17.20966
143.000  17.20951
143.500  17.21047
144.000  17.21061
144.500  17.21051
145.000  17.21127
145.500  17.21112
146.000  17.21167
146.500  17.21230
147.000  17.21251
147.500  17.21284
148.000  17.21348
148.500  17.21356
149.000  17.21359
149.500  17.21383
150.000  17.21240
150.500  17.21434
151.000  17.21435
151.500  17.21486
152.000  17.21524
152.500  17.21568
153.000  17.21564
153.500  17.21603
154.000  17.21638
154.500  17.21686
155.000  17.21697
155.500  17.21712
156.000  17.21686
156.500  17.21743
157.000  17.21767
157.500  17.21797
158.000  17.21798
158.500  17.21815
159.000  17.21848
159.500  17.21845
160.000  17.21939
160.500  17.21953
161.000  17.21936
161.500  17.21912
162.000  17.21991
162.500  17.21994
163.000  17.22020
163.500  17.22056
164.000  17.22078
164.500  17.22092
165.000  17.22077
165.500  17.22092
166.000  17.22155
166.500  17.22154
167.000  17.22109
167.500  17.22134
168.000  17.22109
168.500  17.22213
169.000  17.22178
169.500  17.22182
170.000  17.22157
170.500  17.22211
171.000  17.22224
171.500  17.22186
172.000  17.22219
